000001100010111010101110110011111111010101100111000101100011101000011011101110110111100
000110111110100011110110011010010110000111000100011000110001111101110101110000010010100
100010010000111101100010101100011000101100000001100101000101100011001111101011000001110
011000111110001111011111110101101010010011011011000110010111100101010000010100110111110
111001110010000110100110111110101100011011101111100010011111101100100110011100100100111
000010111111000011000010100110100110001100101101000101001010000000011101000100100100000
101101001101101111110001110011110110101111110011000110100101110001000101111000100000101
110010001010001000001100110010110111011000100010011000111111111010101011000110001000110
111110000111101000011100101001100000111010011000011011101010001111110011101000001001110
000001000010110011101010010101111000111001101010111111000010001111101001011011110100010
111001101101011001101011101010101000000000000110010001101110010101011001001101001111000
010001011100111001000111111111101110100100010100101011000111000100011110100001000001011
010100101011011101111110110000011010000110011111001001101001001011100111110000111010110
001111101101001100011111011110110001110011101111001011000010111100010001101110101100110
011100110011110100111010011000001010110111100000110101000000111010100000010010001001110
000011001111101011001001101010000101111000100001101010100110111110100111101101101010110
010010100011110001100000011000101101001001010111010010100101011011011010001101000010100
101101010101000110011000001010101010011111000001101110011100110101110111011110011100001
001100101100100111010010001011111101001110110000000001011111101110011110101011100100101
011111011111011001001001111110110110100111000011011100000011010011111010110111011110110
110110110110101000000100011010000000000101111110011100111010011111110011011000010000001
100110111010000101110011000100101110000111001011101111111110110000010001010101101011110
100010010101010001110000010010101001011011011110001110000110011100011101010101111010110
111101011101001110011000011001010011100000000101000111100000101101101001100000000111010
011111100101011000101110011001001011111100100001001110000100001111011010001111011010111
100011111110110110011000001001001010100000000010111011001110011110111101010010010111010
001101001111000101100000100011001111110010111110001111101101111001000001001010111110001
000000001011100000101001101010000110100110110001101101101010011011011100111011111101011
010011011000000000110111101100101110100001010010110011000010110110100100101000010001101
010001111010101000101001000010010010101000000100111000000010011111110010110010111011001
011011010001100100010000001011011001111010110100010101110001111101011001000011010011010
101011110001010001001110101100001011001111111100101010100010010011111000011011101110111
000101100001010011110001101010010111110000110111000011101100000110111001111101111001100
011010110011010011011010100100010010110110101010111011001010000011101010110101100000100
010000110011110011011011010100110000111101101111011010101110110100000010110100110110101
010111111011010010001100100100001100011000111100010110000111101010100000001101100010000
000011101101111001111001111011100101011010001100110000100001001110010000111010101101111
001000010001000001011111111011001111101000100100100011111000000001001001010001111001101
011110100011000101110100110011010011000100001010110101010100100110100110100001101110101
001110011011011110001100000100100111000000011111111100001001001101010010111110100000011
100111111001010111100100110010100011111000101110001000011001000011011101111110100101100
111000010110110111110011101110110100110100111010010010011101110001111111011111000010001
101001101001001100100000101101010001111010000001101010100001011110101001110000110001001
010011111101100000100110110011110110001001000101101010100100110110110010100100011001101
100011010001011110011111100100011010001110000001001110110111001100110101110000011100111
101011011000111111110100110011101100100111100011100011000111101100101011111111100011010
110110001001011011001101001010110000001010010001000111011100100110001010100000001101100
001101011100001111101000101100011011001011111010101110000110001100000100000100011111011
111101101010110101011000010000111001111111110110000000101101111101000000010011111111110
111100011101110001001101000001010001111001101011101001110011010110001101100010100000001
010011001110011100010000100000110000000000110110010010000011110000000001101011110100000
100100100110100110010001100011001111000000100001010001100010000000011000101011110001101
101000011010110111011000010110110101001001100100011001101100001011011110100001100001011
001010011010001110100010101101000101010110010011111100001010110001000001110001110101101
110100011110010111100100011100000000001100010000111000000100010011100010101010100111110
101011110001111000010100111000110011100011111000111101101100111000000000010010100100000
011100001100000011100101000101000000001000001110111011000010011101111001100000111101001
001101100101101000011010111111000111001000110001000000111001001100111100100100011000000
001101111111111011101010011100011110110100001010001100100001110011011010011110001110111
101110010111100101010010100111111011010101111000111110101000011010110001100110010111111
001010111010001010110011001101110111111010010001101001011000001100001010110010011010011
111110000101110110111011001111110110101110101010101110100010101100111101011011111010110
110010100100101010110100011101000001111100100100000101100110110100101000001000011101110
000101001101011001101110101000000110000100111111000011011101100011110000011111111110111
101100110001010110101100110110110110110010110001011110100011000101101101101100111001101
011010000111110000011111000000011010110011100111000001101000011000110010111101110100010
001011111111111010110010100111000110001001011111000000010001011001001001110001110111010
010100100001011101000010101001000110010101011110110110001110101100101101010011101110111
001101001010001000110101000111001000101000111001110010101000010100110101000011001000111
011010101010110100100001001100001110111000111011000000011100101000110010001010101000100
101101010001110100000010001001101110010001001010100001111101110110000101001011101111111
001001011111100111111011111111100001100010111101101101101111101010001010101101101111001
011100011100001100111111011000011100110001111111100100001111001000100000010110011001110
000011010011110100000000010110110101111111100111110111001100111011101101001100110000011
011111111101110101101011100100111111010011001000110010100100110010000110000000101010101
110001101011001001110110010100011111000111001101010101111010001011100111110000101111010
011010110101001001010001010100111111101001001110000010011101010100010100110101111100110
001111100010100111001011011101100011001001100100111011111111011011100110101000010010100
111101010011000011111000001000000101011001101111011000101101110001100101000001011111000
000000100111101110110110010111110000100111111010000111000001000111100110110101100110001
111111110111001100101001100000010110010110001100010111111011001010010111001010000111101
101100100000001000110011010111001110100100011010011100000010111101011110100100000000001
110110100010110100100000011001011100100100101001001010101101000010011000011101011000111
000111101001100001100100010011111000110011011101011000111110011011001011111010111110000
000011100000111000000001011110110110101010011101000011110011111010110111100001000110000
001000010101110101110101001100101000110010011011011000010101110110111101010110000110000
110100100011011110101010000011011001100000000101010111110110010011011100000111001100100